11 0 10000 1
11 10000 20000 2
11 20000 30000 1
11 30000 40000 4
11 40000 50000 5
12 0 10000 1
12 10000 20000 2
12 20000 30000 1
12 30000 40000 2
12 40000 50000 1
13 0 10000 4
13 10000 20000 2
13 20000 30000 7
13 30000 40000 47
13 40000 50000 12
13 50000 60000 38
13 60000 70000 3
13 70000 80000 84
13 80000 90000 143
13 90000 100000 5
13 100000 110000 2
14 0 10000 1
14 10000 20000 3
14 20000 30000 5
14 30000 40000 30
14 40000 50000 1
16 0 10000 4
16 10000 20000 1
16 20000 30000 10
16 30000 40000 1
17 0 10000 14
17 10000 20000 2
17 20000 30000 1
17 30000 40000 3
17 40000 50000 2
17 50000 60000 4
18 0 10000 6
18 10000 20000 4
18 20000 30000 22
20 0 10000 103
20 10000 20000 3
21 0 10000 2
22 0 10000 140
22 10000 20000 1
22 20000 30000 2
22 30000 40000 5
22 40000 50000 1
22 50000 60000 1
22 60000 70000 6
22 70000 80000 4
23 0 10000 1
23 10000 20000 2
23 20000 30000 7
24 0 10000 15
24 10000 20000 39
24 20000 30000 10
24 30000 40000 9
24 40000 50000 9
25 0 10000 3
25 10000 20000 3
25 20000 30000 2
26 0 10000 3
26 10000 20000 6
27 0 10000 1
27 10000 20000 30
27 20000 30000 5
27 30000 40000 225
27 40000 50000 51
27 50000 60000 12
27 60000 70000 19
27 70000 80000 117
27 80000 90000 59
27 90000 100000 287
27 100000 110000 31
27 110000 120000 16
27 120000 130000 124
27 130000 140000 35
27 140000 150000 18
27 150000 160000 68
27 160000 170000 29
27 170000 180000 2
27 180000 190000 28
27 190000 200000 87
27 200000 210000 1
27 210000 220000 29
27 220000 230000 59
27 230000 240000 33
27 240000 250000 213
27 250000 260000 23
27 260000 270000 49
27 270000 280000 15
27 280000 290000 48
27 290000 300000 132
27 300000 310000 49
27 310000 320000 140
27 320000 330000 79
27 330000 340000 294
27 340000 350000 242
27 350000 360000 164
27 360000 370000 24
27 370000 380000 31
27 380000 390000 84
27 390000 400000 458
27 400000 410000 21
27 410000 420000 14
28 0 10000 2
28 10000 20000 7
28 20000 30000 12
28 30000 40000 28
28 40000 50000 8
28 50000 60000 2
28 60000 70000 5
28 70000 80000 6
29 0 10000 32
29 10000 20000 1
29 20000 30000 20
29 30000 40000 20
30 0 10000 7
30 10000 20000 5
31 0 10000 1
31 10000 20000 9
32 0 10000 19
32 10000 20000 115
32 20000 30000 11
32 30000 40000 22
32 40000 50000 1
32 50000 60000 33
33 0 10000 16
33 10000 20000 46
33 20000 30000 6
33 30000 40000 47
33 40000 50000 3
33 50000 60000 1
33 60000 70000 7
33 70000 80000 21
33 80000 90000 1
34 0 10000 2
35 0 10000 2
35 10000 20000 1
36 0 10000 321
36 10000 20000 1
36 20000 30000 97
36 30000 40000 58
36 40000 50000 9
36 50000 60000 24
36 60000 70000 34
36 70000 80000 6
36 80000 90000 67
36 90000 100000 27