11 0 10000 -0.996689603
11 10000 20000 -0.996698985
11 20000 30000 -0.999321778
11 30000 40000 -0.994352454
11 40000 50000 -0.998177202
12 0 10000 -0.997311978
12 10000 20000 -0.977166454
12 20000 30000 -0.996587397
12 30000 40000 -0.996389179
12 40000 50000 -0.998002414
13 0 10000 -0.991560338
13 10000 20000 -0.995623983
13 20000 30000 -0.985071294
13 30000 40000 -0.967530458
13 40000 50000 -0.993008754
13 50000 60000 -0.912989271
13 60000 70000 -0.989043349
13 70000 80000 -0.976613546
13 80000 90000 -0.986917148
13 90000 100000 -0.974752197
13 100000 110000 -0.991357271
14 0 10000 -0.998897324
14 10000 20000 -0.993856809
14 20000 30000 -0.984938814
14 30000 40000 -0.955536
14 40000 50000 -0.998930781
16 0 10000 -0.779463244
16 10000 20000 -0.998633565
16 20000 30000 -0.994238276
16 30000 40000 -0.999217782
17 0 10000 -0.99547659
17 10000 20000 -0.998486337
17 20000 30000 -0.999516778
17 30000 40000 -0.997927938
17 40000 50000 -0.993282896
17 50000 60000 -0.996485415
18 0 10000 -0.986566224
18 10000 20000 -0.996469144
18 20000 30000 -0.95635238
20 0 10000 -0.968036463
20 10000 20000 -0.996570755
21 0 10000 -0.997299958
22 0 10000 -0.969347506
22 10000 20000 -0.999425346
22 20000 30000 -0.998533327
22 30000 40000 -0.999079394
22 40000 50000 -0.997589562
22 50000 60000 -0.999539112
22 60000 70000 -0.99615908
22 70000 80000 -0.98953568
23 0 10000 -0.999611848
23 10000 20000 -0.999065203
23 20000 30000 -0.993943682
24 0 10000 -0.788843722
24 10000 20000 -0.983008823
24 20000 30000 -0.974121845
24 30000 40000 -0.972736739
24 40000 50000 -0.980072338
25 0 10000 -0.995302046
25 10000 20000 -0.999209178
25 20000 30000 -0.996590399
26 0 10000 -0.986408508
26 10000 20000 -0.993342048
27 0 10000 -0.967313218
27 10000 20000 -0.910518425
27 20000 30000 -0.976824746
27 30000 40000 -0.917306489
27 40000 50000 -0.858289596
27 50000 60000 -0.961492822
27 60000 70000 -0.964154838
27 70000 80000 -0.88426942
27 80000 90000 -0.957445764
27 90000 100000 -0.934950597
27 100000 110000 -0.812775612
27 110000 120000 -0.939232691
27 120000 130000 -0.87496484
27 130000 140000 -0.878080248
27 140000 150000 -0.659323052
27 150000 160000 -0.934309818
27 160000 170000 -0.939481396
27 170000 180000 -0.995251365
27 180000 190000 -0.872944621
27 190000 200000 -0.95400957
27 200000 210000 -0.940161105
27 210000 220000 -0.938633908
27 220000 230000 -0.957585429
27 230000 240000 -0.945915713
27 240000 250000 -0.934002518
27 250000 260000 -0.967708087
27 260000 270000 -0.916780779
27 270000 280000 -0.934095526
27 280000 290000 -0.970021664
27 290000 300000 -0.935692428
27 300000 310000 -0.959470637
27 310000 320000 -0.956249929
27 320000 330000 -0.95264957
27 330000 340000 -0.922864065
27 340000 350000 -0.93795311
27 350000 360000 -0.940037819
27 360000 370000 -0.94499244
27 370000 380000 -0.952685062
27 380000 390000 -0.927604505
27 390000 400000 -0.909054994
27 400000 410000 -0.899417835
27 410000 420000 -0.961402847
28 0 10000 -0.993187102
28 10000 20000 -0.950399518
28 20000 30000 -0.994648345
28 30000 40000 -0.989976975
28 40000 50000 -0.971760334
28 50000 60000 -0.996615574
28 60000 70000 -0.991721065
28 70000 80000 -0.983490085
29 0 10000 -0.576807963
29 10000 20000 -0.92553639
29 20000 30000 -0.982176095
29 30000 40000 -0.345126082
30 0 10000 -0.982357288
30 10000 20000 -0.961935068
31 0 10000 -0.997504072
31 10000 20000 -0.987481882
32 0 10000 -0.965552265
32 10000 20000 -0.958882605
32 20000 30000 -0.99152505
32 30000 40000 -0.985678589
32 40000 50000 -0.989967983
32 50000 60000 -0.986929291
33 0 10000 -0.992125661
33 10000 20000 -0.951894174
33 20000 30000 -0.9921545
33 30000 40000 -0.99016596
33 40000 50000 -0.99221464
33 50000 60000 -0.998000729
33 60000 70000 -0.988634153
33 70000 80000 -0.978344353
33 80000 90000 -0.999461719
34 0 10000 -0.995651035
35 0 10000 -0.993199248
35 10000 20000 -0.994799263
36 0 10000 -0.89785643
36 10000 20000 -0.981765276
36 20000 30000 -0.824558247
36 30000 40000 -0.711179476
36 40000 50000 -0.786339977
36 50000 60000 -0.865949378
36 60000 70000 -0.903829749
36 70000 80000 -0.969241562
36 80000 90000 -0.741161003
36 90000 100000 -0.950363845