11 0 10000 -0.126055081
11 10000 20000 -0.739219854
11 20000 30000 -0.465790432
11 30000 40000 -0.534921671
11 40000 50000 -0.243782079
11 50000 60000 -0.371710526
11 60000 70000 -0.083675835
11 70000 80000 0.01920904
11 80000 90000 -0.451493109
11 90000 100000 -0.401028741
11 100000 110000 -0.279015724

12 0 10000 1.568714376
12 10000 20000 1.307734941
12 20000 30000 0.32250658
12 30000 40000 0.518120068
12 40000 50000 1.930153734
12 50000 60000 0.301512115
12 60000 70000 0.900820097
12 70000 80000 0.810826822
12 80000 90000 0.702167885
12 90000 100000 0.203182935
12 100000 110000 1.155395564
12 110000 120000 2.205178103
12 120000 130000 0.401925556

13 0 10000 -0.090493156
13 10000 20000 0.297598028
13 20000 30000 0.612562146
13 30000 40000 -0.245034
13 40000 50000 0.335396262
13 50000 60000 0.661586078
13 60000 70000 0.083054606
13 70000 80000 -0.363822625
13 80000 90000 0.639845498
13 90000 100000 0.250896858
13 100000 110000 0.407824647
13 110000 120000 0.333083972
13 120000 130000 1.350822417
13 130000 140000 0.728920118

14 0 10000 1.337672834
14 10000 20000 0.843277459
14 20000 30000 0.818384544
14 30000 40000 0.885660496
14 40000 50000 0.834570039
14 50000 60000 0.375419745
14 60000 70000 1.487004226
14 70000 80000 0.50325477
14 80000 90000 -0.019354839

15 0 10000 0.241124564
15 10000 20000 1.027539829
15 20000 30000 -0.007584597
15 30000 40000 0.445585216
15 40000 50000 -0.035291877
15 50000 60000 -0.050219034

16 0 10000 -0.191701681
16 10000 20000 0.380660955
16 20000 30000 0.452519993
16 30000 40000 0.155801845
16 40000 50000 0.003500354
16 50000 60000 1.185515938

17 0 10000 0.130206212
17 10000 20000 0.032317885
17 20000 30000 -0.007212763
17 30000 40000 0.498471056
17 40000 50000 0.703110306
17 50000 60000 0.085760332
17 60000 70000 0.769954336
17 70000 80000 0.125114898
17 80000 90000 0.593864121
17 90000 100000 0.205566566
17 100000 110000 2.105540341

18 0 10000 0.541083002
18 10000 20000 1.171793736
18 20000 30000 0.73100211
18 30000 40000 0.571314311

19 0 10000 0.206104325
19 10000 20000 0.035617265
19 20000 30000 0.025143896
19 30000 40000 -0.248299201
19 40000 50000 -0.629426516
19 50000 60000 -0.184907631
19 60000 70000 -0.528154077
19 70000 80000 0.526652452

20 0 10000 1.282431246
20 10000 20000 0.651863166
20 20000 30000 1.132990409

21 0 10000 -0.010680908
21 10000 20000 -0.418416801
21 20000 30000 -0.620253165
21 30000 40000 -0.496453901
21 40000 50000 0.009815778

22 0 10000 -0.208931419
22 10000 20000 0.437814881
22 20000 30000 0.201546965
22 30000 40000 0.37454543
22 40000 50000 0.335473515
22 50000 60000 0.198153924
22 60000 70000 0.998342354
22 70000 80000 0.196235871
22 80000 90000 0.118443036
22 90000 100000 0.548124232
22 100000 110000 0.398735111
22 110000 120000 -0.152313503
22 120000 130000 0.988220792
22 130000 140000 0.585770852
22 140000 150000 0.374986083
22 150000 160000 0.939259259

23 0 10000 -0.380603954
23 10000 20000 -0.118507557
23 20000 30000 -0.30836911
23 30000 40000 0.088708279
23 40000 50000 0.051646294
23 50000 60000 -0.310444896
23 60000 70000 0.105498083
23 70000 80000 -0.14752514
23 80000 90000 -0.394009664
23 90000 100000 0.043140241
23 100000 110000 0.275782306

24 0 10000 0.168398073
24 10000 20000 0.629845987
24 20000 30000 0.20074638
24 30000 40000 0.338929033
24 40000 50000 -0.253819758

25 0 10000 0.654383736
25 10000 20000 -0.014995737
25 20000 30000 0.620062329
25 30000 40000 0.003507958
25 40000 50000 0.529449884
25 50000 60000 5.90488702
25 60000 70000 -0.222611036
25 70000 80000 0.39902124

26 0 10000 0.982786027
26 10000 20000 0.138292492
26 20000 30000 0.671111111
26 30000 40000 0.440606698
26 40000 50000 0.501880188
26 50000 60000 0.560765243
26 60000 70000 0.264008775
26 70000 80000 -0.314542808
26 80000 90000 0.239488744
26 90000 100000 0.370731074

27 0 10000 0.961206897
27 10000 20000 0.515221337
27 20000 30000 -0.119340359
27 30000 40000 0.804923709
27 40000 50000 0.964495215
27 50000 60000 0.543496064
27 60000 70000 0.341363677
27 70000 80000 0.439213626
27 80000 90000 1.226524177
27 90000 100000 0.458738535
27 100000 110000 0.165622803
27 110000 120000 0.754656051
27 120000 130000 0.553864361
27 130000 140000 -0.223197007
27 140000 150000 0.76016423
27 150000 160000 0.244249327
27 160000 170000 0.431578013
27 170000 180000 2.027254664
27 180000 190000 0.683483777
27 190000 200000 0.259186247
27 200000 210000 -0.461449942
27 210000 220000 0.631491608
27 220000 230000 0.866241103
27 230000 240000 0.160353798
27 240000 250000 0.433663622
27 250000 260000 -0.084594467
27 260000 270000 1.16539809
27 270000 280000 0.67836727
27 280000 290000 0.739992583
27 290000 300000 0.215510548
27 300000 310000 0.147229115
27 310000 320000 0.415939805
27 320000 330000 0.301237767
27 330000 340000 0.186161774
27 340000 350000 0.704238349
27 350000 360000 0.566694787
27 360000 370000 0.356853145
27 370000 380000 1.38100976
27 380000 390000 0.401369937
27 390000 400000 1.014888604
27 400000 410000 0.297988886
27 410000 420000 0.419823846

28 0 10000 0.461366545
28 10000 20000 -0.000904568
28 20000 30000 0.643404155
28 30000 40000 0.169830246
28 40000 50000 0.902647469
28 50000 60000 1.358945128
28 60000 70000 0.417353688
28 70000 80000 0.362067961

29 0 10000 1.010162177
29 10000 20000 -0.255363904
29 20000 30000 0.206678395
29 30000 40000 0.440722619

30 0 10000 -0.143737886
30 10000 20000 -0.082578977
30 20000 30000 0.088657053

31 0 10000 -0.656675749
31 10000 20000 0.846133843
31 20000 30000 0.166678434
31 30000 40000 1.660658925
31 40000 50000 0.567258883
31 50000 60000 0.559872265
31 60000 70000 0.735845742
31 70000 80000 0.119552783

32 0 10000 0.200623053
32 10000 20000 0.410544101
32 20000 30000 0.321477321
32 30000 40000 0.647992617
32 40000 50000 0.363788935
32 50000 60000 -0.006830309
32 60000 70000 0.554622195

33 0 10000 0.742471186
33 10000 20000 0.228209192
33 20000 30000 0.46525861
33 30000 40000 1.240249354
33 40000 50000 0.083379877
33 50000 60000 -0.068211061
33 60000 70000 -0.170568562
33 70000 80000 1.982160996
33 80000 90000 -0.411296463
33 90000 100000 -0.051149612
33 100000 110000 0.850230367
33 110000 120000 0.462761094
33 120000 130000 0.590808606
33 130000 140000 1.059329634
33 140000 150000 -0.022356433
33 150000 160000 0.297487824
33 160000 170000 0.300577595
33 170000 180000 0.479802564
33 180000 190000 1.512056738
33 190000 200000 1.222024105
33 200000 210000 -0.276762282
33 210000 220000 0.461432407

34 0 10000 -0.931013363
34 10000 20000 -0.554231133

35 0 10000 -0.705046974
35 10000 20000 -0.411734915
35 20000 30000 -0.787370698
35 30000 40000 -0.708758702

36 0 10000 0.107669054
36 10000 20000 -0.653540252
36 20000 30000 0.530141475
36 30000 40000 0.478960267
36 40000 50000 0.733020185
36 50000 60000 0.485
36 60000 70000 0.446629626
36 70000 80000 0.196471064
36 80000 90000 0.353371287
36 90000 100000 0.247835761
36 100000 110000 -0.031175795
