11 0 10000 264
11 10000 20000 158
11 20000 30000 332
11 30000 40000 90
11 40000 50000 1115
11 50000 60000 445
11 60000 70000 47
11 70000 80000 22
11 80000 90000 433
11 90000 100000 1643
11 100000 110000 320

12 0 10000 26
12 10000 20000 1090
12 20000 30000 492
12 30000 40000 407
12 40000 50000 266
12 50000 60000 114
12 60000 70000 557
12 70000 80000 1003
12 80000 90000 146
12 90000 100000 152
12 100000 110000 1079
12 110000 120000 403
12 120000 130000 269

13 0 10000 129
13 10000 20000 615
13 20000 30000 737
13 30000 40000 354
13 40000 50000 1933
13 50000 60000 2852
13 60000 70000 473
13 70000 80000 92
13 80000 90000 449
13 90000 100000 4493
13 100000 110000 15388
13 110000 120000 264
13 120000 130000 544
13 130000 140000 150

14 0 10000 2120
14 10000 20000 85
14 20000 30000 888
14 30000 40000 626
14 40000 50000 1165
14 50000 60000 928
14 60000 70000 2326
14 70000 80000 74
14 80000 90000 2

15 0 10000 256
15 10000 20000 536
15 20000 30000 18
15 30000 40000 64
15 40000 50000 268
15 50000 60000 80

16 0 10000 243
16 10000 20000 330
16 20000 30000 1063
16 30000 40000 2006
16 40000 50000 540
16 50000 60000 2794

17 0 10000 3498
17 10000 20000 1364
17 20000 30000 198
17 30000 40000 3101
17 40000 50000 527
17 50000 60000 1572
17 60000 70000 1136
17 70000 80000 335
17 80000 90000 1814
17 90000 100000 890
17 100000 110000 624

18 0 10000 273
18 10000 20000 970
18 20000 30000 1961
18 30000 40000 792

19 0 10000 2361
19 10000 20000 365
19 20000 30000 270
19 30000 40000 114
19 40000 50000 441
19 50000 60000 892
19 60000 70000 233
19 70000 80000 48

20 0 10000 1132
20 10000 20000 5323
20 20000 30000 1866

21 0 10000 13
21 10000 20000 24
21 20000 30000 3
21 30000 40000 3
21 40000 50000 748

22 0 10000 4
22 10000 20000 2573
22 20000 30000 720
22 30000 40000 6278
22 40000 50000 1664
22 50000 60000 2085
22 60000 70000 2725
22 70000 80000 6497
22 80000 90000 464
22 90000 100000 3359
22 100000 110000 2185
22 110000 120000 752
22 120000 130000 760
22 130000 140000 845
22 140000 150000 715
22 150000 160000 252

23 0 10000 163
23 10000 20000 2271
23 20000 30000 598
23 30000 40000 1052
23 40000 50000 2250
23 50000 60000 797
23 60000 70000 554
23 70000 80000 822
23 80000 90000 327
23 90000 100000 274
23 100000 110000 771

24 0 10000 83
24 10000 20000 3741
24 20000 30000 464
24 30000 40000 442
24 40000 50000 337

25 0 10000 91
25 10000 20000 629
25 20000 30000 327
25 30000 40000 1196
25 40000 50000 5802
25 50000 60000 365
25 60000 70000 456
25 70000 80000 590

26 0 10000 562
26 10000 20000 655
26 20000 30000 47
26 30000 40000 318
26 40000 50000 1008
26 50000 60000 1080
26 60000 70000 279
26 70000 80000 168
26 80000 90000 1117
26 90000 100000 58

27 0 10000 60
27 10000 20000 508
27 30000 40000 190
27 40000 50000 4911
27 50000 60000 707
27 60000 70000 481
27 70000 80000 711
27 80000 90000 1455
27 90000 100000 3087
27 110000 120000 6436
27 100000 110000 193
27 120000 130000 462
27 20000 30000 1541
27 130000 140000 223
27 140000 150000 93
27 150000 160000 1288
27 160000 170000 686
27 170000 180000 1275
27 180000 190000 371
27 190000 200000 2382
27 200000 210000 9
27 210000 220000 771
27 220000 230000 2596
27 230000 240000 708
27 240000 250000 4627
27 250000 260000 652
27 260000 270000 1275
27 270000 280000 382
27 280000 290000 2786
27 290000 300000 2495
27 300000 310000 1387
27 310000 320000 4531
27 320000 330000 2171
27 330000 340000 4521
27 340000 350000 6647
27 350000 360000 4285
27 360000 370000 592
27 370000 380000 1560
27 380000 390000 1626
27 390000 400000 10147
27 400000 410000 271
27 410000 420000 515

28 0 10000 429
28 10000 20000 141
28 20000 30000 3685
28 30000 40000 3268
28 40000 50000 539
28 50000 60000 1394
28 60000 70000 856
28 70000 80000 495

29 0 10000 152
29 10000 20000 10
29 20000 30000 1354
29 30000 40000 44

30 0 10000 194
30 10000 20000 364
30 20000 30000 143

31 0 10000 14
31 10000 20000 5278
31 20000 30000 1224
31 30000 40000 1066
31 40000 50000 4277
31 50000 60000 6010
31 60000 70000 1248
31 70000 80000 1199

32 0 10000 82
32 10000 20000 778
32 20000 30000 3696
32 30000 40000 2139
32 40000 50000 2095
32 50000 60000 99
32 60000 70000 3925

33 0 10000 74
33 10000 20000 31
33 20000 30000 132
33 30000 40000 4552
33 40000 50000 219
33 50000 60000 891
33 60000 70000 32
33 70000 80000 1368
33 80000 90000 45
33 90000 100000 171
33 100000 110000 1415
33 110000 120000 6991
33 120000 130000 613
33 130000 140000 1094
33 140000 150000 489
33 150000 160000 371
33 160000 170000 801
33 170000 180000 1435
33 180000 190000 11
33 190000 200000 4128
33 200000 210000 168

34 0 10000 212
34 10000 20000 7

35 0 10000 205
35 10000 20000 15
35 20000 30000 173
35 30000 40000 34

36 0 10000 56
36 10000 20000 3481
36 20000 30000 19
36 30000 40000 846
36 40000 50000 297
36 50000 60000 73
36 60000 70000 11
36 70000 80000 259
36 80000 90000 423
36 90000 100000 264
36 100000 110000 323
