11 0 10000 626
11 10000 20000 750
11 20000 30000 859
11 30000 40000 495
11 40000 50000 4637
11 50000 60000 1449
11 60000 70000 86
11 70000 80000 20
11 80000 90000 1300
11 90000 100000 6135
11 100000 110000 719
12 0 10000 30
12 10000 20000 1873
12 20000 30000 1558
12 30000 40000 1237
12 40000 50000 359
12 50000 60000 404
12 60000 70000 1042
12 70000 80000 1838
12 80000 90000 273
12 90000 100000 468
12 100000 110000 1452
12 110000 120000 337
12 120000 130000 653
13 0 10000 626
13 10000 20000 2089
13 20000 30000 1733
13 30000 40000 1401
13 40000 50000 7135
13 50000 60000 6482
13 60000 70000 1756
13 70000 80000 509
13 80000 90000 1009
13 90000 100000 13998
13 100000 110000 45284
13 110000 120000 760
13 120000 130000 871
13 130000 140000 272
14 0 10000 4034
14 10000 20000 138
14 20000 30000 1851
14 30000 40000 1343
14 40000 50000 2232
14 50000 60000 2507
14 60000 70000 3625
14 70000 80000 73
14 80000 90000 5
15 0 10000 959
15 10000 20000 771
15 20000 30000 93
15 30000 40000 141
15 40000 50000 1921
15 50000 60000 155
16 0 10000 979
16 10000 20000 723
16 20000 30000 2219
16 30000 40000 4825
16 40000 50000 1605
16 50000 60000 4826
17 0 10000 11180
17 10000 20000 5144
17 20000 30000 500
17 30000 40000 7020
17 40000 50000 1198
17 50000 60000 4686
17 60000 70000 2797
17 70000 80000 1226
17 80000 90000 3528
17 90000 100000 2052
17 100000 110000 526
18 0 10000 727
18 10000 20000 1625
18 20000 30000 4805
18 30000 40000 2358
19 0 10000 6324
19 10000 20000 819
19 20000 30000 839
19 30000 40000 526
19 40000 50000 3600
19 50000 60000 2693
19 60000 70000 2184
19 70000 80000 148
20 0 10000 1567
20 10000 20000 15066
20 20000 30000 3074
21 0 10000 34
21 10000 20000 97
21 20000 30000 8
21 30000 40000 8
21 40000 50000 2245
22 0 10000 14
22 10000 20000 9555
22 20000 30000 4293
22 30000 40000 20585
22 40000 50000 5319
22 50000 60000 8167
22 60000 70000 7066
22 70000 80000 23269
22 80000 90000 2549
22 90000 100000 9459
22 100000 110000 7231
22 110000 120000 2869
22 120000 130000 1995
22 130000 140000 1759
22 140000 150000 2001
22 150000 160000 456
23 0 10000 819
23 10000 20000 6716
23 20000 30000 1829
23 30000 40000 3409
23 40000 50000 5702
23 50000 60000 4870
23 60000 70000 1519
23 70000 80000 2960
23 80000 90000 1559
23 90000 100000 733
23 100000 110000 1477
24 0 10000 346
24 10000 20000 9558
24 20000 30000 1097
24 30000 40000 702
24 40000 50000 742
25 0 10000 189
25 10000 20000 2333
25 20000 30000 821
25 30000 40000 3294
25 40000 50000 13743
25 50000 60000 329
25 60000 70000 2168
25 70000 80000 1300
26 0 10000 1166
26 10000 20000 2514
26 20000 30000 101
26 30000 40000 929
26 40000 50000 3244
26 50000 60000 2723
26 60000 70000 845
26 70000 80000 836
26 80000 90000 4147
26 90000 100000 214
27 0 10000 193
27 10000 20000 1610
27 20000 30000 485
27 30000 40000 12783
27 40000 50000 1819
27 50000 60000 1070
27 60000 70000 3408
27 70000 80000 4884
27 80000 90000 7257
27 90000 100000 20183
27 100000 110000 1087
27 110000 120000 1340
27 120000 130000 4397
27 130000 140000 1531
27 140000 150000 223
27 150000 160000 4791
27 160000 170000 2436
27 170000 180000 2065
27 180000 190000 1297
27 190000 200000 5785
27 200000 210000 44
27 210000 220000 2728
27 220000 230000 5624
27 230000 240000 2488
27 240000 250000 15943
27 250000 260000 3086
27 260000 270000 2254
27 270000 280000 1421
27 280000 290000 7159
27 290000 300000 8867
27 300000 310000 5349
27 310000 320000 13151
27 320000 330000 6975
27 330000 340000 16692
27 340000 350000 20485
27 350000 360000 12886
27 360000 370000 1747
27 370000 380000 3041
27 380000 390000 6136
27 390000 400000 25013
27 400000 410000 1070
27 410000 420000 2634
28 0 10000 1464
28 10000 20000 494
28 20000 30000 9265
28 30000 40000 9206
28 40000 50000 973
28 50000 60000 2578
28 60000 70000 2227
28 70000 80000 1775
29 0 10000 371
29 10000 20000 50
29 20000 30000 3853
29 30000 40000 146
30 0 10000 1152
30 10000 20000 2106
30 20000 30000 371
31 0 10000 155
31 10000 20000 13682
31 20000 30000 3127
31 30000 40000 1828
31 40000 50000 9519
31 50000 60000 14925
31 60000 70000 4319
31 70000 80000 4346
32 0 10000 282
32 10000 20000 2475
32 20000 30000 10810
32 30000 40000 3859
32 40000 50000 5984
32 50000 60000 729
32 60000 70000 11043
33 0 10000 173
33 10000 20000 87
33 20000 30000 301
33 30000 40000 7432
33 40000 50000 537
33 50000 60000 6369
33 60000 70000 135
33 70000 80000 2876
33 80000 90000 225
33 90000 100000 730
33 100000 110000 2922
33 110000 120000 20627
33 120000 130000 1499
33 130000 140000 2419
33 140000 150000 1868
33 150000 160000 1007
33 160000 170000 3251
33 170000 180000 5135
33 180000 190000 9
33 190000 200000 8928
33 200000 210000 1026
33 210000 220000 487
34 0 10000 34
34 10000 20000 1674
35 0 10000 392
35 10000 20000 2608
35 20000 30000 1600
35 30000 40000 1650
36 0 10000 17252
36 10000 20000 608
36 20000 30000 3187
36 30000 40000 1033
36 40000 50000 238
36 50000 60000 22
36 60000 70000 656
36 70000 80000 1838
36 80000 90000 1073
36 90000 100000 1320
36 100000 110000 2355