11 0 10000 1.072308786
11 10000 20000 0.237880438
11 20000 30000 0.382186804
11 30000 40000 1.557930809
11 40000 50000 2.144917041
11 50000 60000 1.045823477
11 60000 70000 0.676678259
11 70000 80000 -0.073446328
11 80000 90000 0.646787431
11 90000 100000 1.236572533
11 100000 110000 0.619961544
12 0 10000 1.963901203
12 10000 20000 2.965493161
12 20000 30000 3.187937504
12 30000 40000 3.614040598
12 40000 50000 2.95460598
12 50000 60000 3.612376268
12 60000 70000 2.555932748
12 70000 80000 2.318344664
12 80000 90000 2.182820771
12 90000 100000 2.704536933
12 100000 110000 1.900495235
12 110000 120000 1.680260597
12 120000 130000 2.403187317
13 0 10000 3.413575848
13 10000 20000 3.407613463
13 20000 30000 2.791818453
13 30000 40000 1.987873916
13 40000 50000 3.929152784
13 50000 60000 2.776437924
13 60000 70000 3.020811605
13 70000 80000 2.519720474
13 80000 90000 2.685087099
13 90000 100000 2.897185447
13 100000 110000 3.142964084
13 110000 120000 2.837665981
13 120000 130000 2.763908686
13 130000 140000 2.135108481
14 0 10000 3.44819444
14 10000 20000 1.992615168
14 20000 30000 2.790348865
14 30000 40000 3.045434578
14 40000 50000 2.514815731
14 50000 60000 2.715708298
14 60000 70000 2.875920172
14 70000 80000 0.482940516
14 80000 90000 1.451612903
15 0 10000 3.649368972
15 10000 20000 1.916479866
15 20000 30000 4.12747958
15 30000 40000 2.184804928
15 40000 50000 5.914941434
15 50000 60000 0.840200622
16 0 10000 2.256477591
16 10000 20000 2.024902637
16 20000 30000 2.032118405
16 30000 40000 1.780031855
16 40000 50000 1.982626052
16 50000 60000 2.774982074
17 0 10000 2.61226571
17 10000 20000 2.893140176
17 20000 30000 1.507038477
17 30000 40000 2.392217611
17 40000 50000 2.871586615
17 50000 60000 2.236560378
17 60000 70000 3.357889328
17 70000 80000 3.117584671
17 80000 90000 2.099863627
17 90000 100000 1.779575949
17 100000 110000 1.617811249
18 0 10000 3.10390968
18 10000 20000 2.638314248
18 20000 30000 3.241440663
18 30000 40000 3.678231243
19 0 10000 2.230581852
19 10000 20000 1.323754905
19 20000 30000 2.185539735
19 30000 40000 2.468373862
19 40000 50000 2.025089669
19 50000 60000 1.460811379
19 60000 70000 3.422796116
19 70000 80000 3.707178394
20 0 10000 2.159513924
20 10000 20000 3.675365481
20 20000 30000 2.513833074
21 0 10000 1.587449933
21 10000 20000 1.350565428
21 20000 30000 0.012658228
21 30000 40000 0.342789598
21 40000 50000 2.030797356
22 0 10000 1.768740032
22 10000 20000 4.339417486
22 20000 30000 6.16422378
22 30000 40000 3.507011416
22 40000 50000 3.268860353
22 50000 60000 3.693200524
22 60000 70000 4.181756723
22 70000 80000 3.284317759
22 80000 90000 5.144205385
22 90000 100000 3.359543648
22 100000 110000 3.628949009
22 110000 120000 2.234059254
22 120000 130000 4.219079578
22 130000 140000 2.301030685
22 140000 150000 2.848037975
22 150000 160000 2.509135802
23 0 10000 2.112180135
23 10000 20000 1.606826618
23 20000 30000 1.115372738
23 30000 40000 2.527952969
23 40000 50000 1.665105409
23 50000 60000 3.213467197
23 60000 70000 2.031140051
23 70000 80000 2.069739157
23 80000 90000 1.889109891
23 90000 100000 1.790590498
23 100000 110000 1.444008386
24 0 10000 3.870671484
24 10000 20000 3.1641454
24 20000 30000 1.838833576
24 30000 40000 1.126534347
24 40000 50000 0.642925042
25 0 10000 2.436027759
25 10000 20000 2.653441886
25 20000 30000 3.067495938
25 30000 40000 1.763842151
25 40000 50000 2.622755905
25 50000 60000 5.223857068
25 60000 70000 2.696007178
25 70000 80000 2.082589173
26 0 10000 3.113751793
26 10000 20000 3.368957749
26 20000 30000 2.591111111
26 30000 40000 3.20856485
26 40000 50000 3.833431876
26 50000 60000 2.935151626
26 60000 70000 2.828270304
26 70000 80000 2.410965551
26 80000 90000 3.601754539
26 90000 100000 4.057524997
27 0 10000 5.308548851
27 10000 20000 3.802177858
27 20000 30000 1.24799961
27 30000 40000 3.698094029
27 40000 50000 4.054337759
27 50000 60000 2.433556733
27 60000 70000 5.429490029
27 70000 80000 3.831009861
27 80000 90000 4.234171025
27 90000 100000 3.574536955
27 100000 110000 5.564932575
27 110000 120000 4.08926214
27 120000 130000 3.433706422
27 130000 140000 4.333118307
27 140000 150000 3.220608852
27 150000 160000 3.628259726
27 160000 170000 4.083562739
27 170000 180000 3.902965397
27 180000 190000 4.88538668
27 190000 200000 2.05809926
27 200000 210000 1.632911392
27 210000 220000 4.772644756
27 220000 230000 3.04304313
27 230000 240000 3.077627471
27 240000 250000 3.939896072
27 250000 260000 3.332732324
27 260000 270000 2.828084153
27 270000 280000 5.243350498
27 280000 290000 3.4711439
27 290000 300000 3.319812436
27 300000 310000 3.424317618
27 310000 320000 3.109694189
27 320000 330000 3.18062341
27 330000 340000 3.379432057
27 340000 350000 4.252192353
27 350000 360000 3.711418675
27 360000 370000 3.004091967
27 370000 380000 3.641442744
27 380000 390000 4.288318533
27 390000 400000 3.966828487
27 400000 410000 4.124900767
27 410000 420000 6.261778661
28 0 10000 3.987041076
28 10000 20000 2.500376903
28 20000 30000 3.131923878
28 30000 40000 2.295427554
28 40000 50000 2.434649327
28 50000 60000 3.362525495
28 60000 70000 2.687437691
28 70000 80000 3.884183094
29 0 10000 3.906382683
29 10000 20000 2.72318048
29 20000 30000 2.433775372
29 30000 40000 3.780579601
30 0 10000 4.084608019
30 10000 20000 4.307935921
30 20000 30000 1.824417949
31 0 10000 2.801089918
31 10000 20000 3.785677006
31 20000 30000 1.980558385
31 30000 40000 3.56255583
31 40000 50000 2.488131239
31 50000 60000 2.87372605
31 60000 70000 5.007305896
31 70000 80000 3.058028687
32 0 10000 3.128971963
32 10000 20000 3.48727076
32 20000 30000 2.86503513
32 30000 40000 1.97316667
32 40000 50000 2.895423862
32 50000 60000 6.313340448
32 60000 70000 3.373934498
33 0 10000 3.07361507
33 10000 20000 2.446909667
33 20000 30000 2.341233649
33 30000 40000 2.657630316
33 40000 50000 1.656506822
33 50000 60000 5.660565378
33 60000 70000 2.49916388
33 70000 80000 5.269513907
33 80000 90000 1.943517685
33 90000 100000 3.050647856
33 100000 110000 2.820758398
33 110000 120000 3.315888011
33 120000 130000 2.890084994
33 130000 140000 3.553490297
33 140000 150000 2.734638413
33 150000 160000 2.521752664
33 160000 170000 4.278623921
33 170000 180000 4.29532137
33 180000 190000 1.055319149
33 190000 200000 3.805773064
33 200000 210000 3.416916064
33 210000 220000 2.357158407
34 0 10000 -0.664922049
34 10000 20000 2.640083336
35 0 10000 6.708105746
35 10000 20000 7.86818116
35 20000 30000 9.00608478
35 30000 40000 7.581216807
36 0 10000 4.489660019
36 10000 20000 10.08671193
36 20000 30000 4.764256359
36 30000 40000 4.143993117
36 40000 50000 4.650120604
36 50000 60000 1.97
36 60000 70000 2.664050328
36 70000 80000 4.198850626
36 80000 90000 4.500634056
36 90000 100000 4.099514563
36 100000 110000 3.329375718