11 0 10000 891
11 10000 20000 2226
11 20000 30000 2480
11 30000 40000 535
11 40000 50000 2912
11 50000 60000 1361
11 60000 70000 147
11 70000 80000 30
11 80000 90000 2517
11 90000 100000 6508
11 100000 110000 1239
12 0 10000 1
12 10000 20000 336
12 20000 30000 167
12 30000 40000 154
12 40000 50000 66
12 50000 60000 140
12 60000 70000 467
12 70000 80000 486
12 80000 90000 114
12 90000 100000 125
12 100000 110000 484
12 110000 120000 78
12 120000 130000 190
13 0 10000 38
13 10000 20000 488
13 20000 30000 371
13 30000 40000 817
13 40000 50000 531
13 50000 60000 1740
13 60000 70000 330
13 70000 80000 304
13 80000 90000 422
13 90000 100000 3778
13 100000 110000 8326
13 110000 120000 231
13 120000 130000 257
13 130000 140000 76
14 0 10000 1234
14 10000 20000 83
14 20000 30000 909
14 30000 40000 576
14 40000 50000 1056
14 50000 60000 1186
14 60000 70000 1356
14 70000 80000 179
14 80000 90000 1
15 0 10000 291
15 10000 20000 478
15 20000 30000 22
15 30000 40000 43
15 40000 50000 532
15 50000 60000 178
16 0 10000 475
16 10000 20000 195
16 20000 30000 892
16 30000 40000 2160
16 40000 50000 457
16 50000 60000 1108
17 0 10000 5220
17 10000 20000 2286
17 20000 30000 219
17 30000 40000 5200
17 40000 50000 863
17 50000 60000 2791
17 60000 70000 1646
17 70000 80000 1168
17 80000 90000 2913
17 90000 100000 1316
17 100000 110000 690
18 0 10000 291
18 10000 20000 1267
18 20000 30000 2702
18 30000 40000 1864
19 0 10000 2106
19 10000 20000 642
19 20000 30000 589
19 30000 40000 365
19 40000 50000 1938
19 50000 60000 950
19 60000 70000 798
19 70000 80000 15
20 0 10000 546
20 10000 20000 3158
20 20000 30000 943
21 0 10000 18
21 10000 20000 139
21 20000 30000 14
21 30000 40000 16
21 40000 50000 1560
22 0 10000 16
22 10000 20000 6621
22 20000 30000 2450
22 30000 40000 8037
22 40000 50000 6719
22 50000 60000 5683
22 60000 70000 6089
22 70000 80000 14004
22 80000 90000 1258
22 90000 100000 7311
22 100000 110000 5562
22 110000 120000 2226
22 120000 130000 1600
22 130000 140000 1912
22 140000 150000 2217
22 150000 160000 575
23 0 10000 521
23 10000 20000 4946
23 20000 30000 1955
23 30000 40000 2782
23 40000 50000 3689
23 50000 60000 1995
23 60000 70000 1052
23 70000 80000 2823
23 80000 90000 1601
23 90000 100000 769
23 100000 110000 1915
24 0 10000 37
24 10000 20000 1265
24 20000 30000 400
24 30000 40000 570
24 40000 50000 136
25 0 10000 145
25 10000 20000 1455
25 20000 30000 457
25 30000 40000 1848
25 40000 50000 5951
25 50000 60000 102
25 60000 70000 1942
25 70000 80000 602
26 0 10000 373
26 10000 20000 1042
26 20000 30000 34
26 30000 40000 215
26 40000 50000 745
26 50000 60000 1089
26 60000 70000 390
26 70000 80000 665
26 80000 90000 1351
26 90000 100000 35
27 0 10000 5
27 10000 20000 72
27 20000 30000 201
27 30000 40000 797
27 40000 50000 108
27 50000 60000 214
27 60000 70000 119
27 70000 80000 260
27 80000 90000 474
27 90000 100000 1948
27 100000 110000 54
27 110000 120000 81
27 120000 130000 225
27 130000 140000 70
27 140000 150000 42
27 150000 160000 170
27 160000 170000 213
27 170000 180000 134
27 180000 190000 31
27 190000 200000 1328
27 200000 210000 14
27 210000 220000 82
27 220000 230000 427
27 230000 240000 129
27 240000 250000 1008
27 250000 260000 151
27 260000 270000 647
27 270000 280000 24
27 280000 290000 470
27 290000 300000 506
27 300000 310000 930
27 310000 320000 1520
27 320000 330000 699
27 330000 340000 2543
27 340000 350000 1157
27 350000 360000 910
27 360000 370000 336
27 370000 380000 310
27 380000 390000 348
27 390000 400000 1623
27 400000 410000 17
27 410000 420000 81
28 0 10000 182
28 10000 20000 79
28 20000 30000 911
28 30000 40000 1921
28 40000 50000 90
28 50000 60000 325
28 60000 70000 276
28 70000 80000 162
29 0 10000 18
29 10000 20000 12
29 20000 30000 1216
29 30000 40000 3
30 0 10000 213
30 10000 20000 256
30 20000 30000 76
31 0 10000 46
31 10000 20000 2093
31 20000 30000 1130
31 30000 40000 168
31 40000 50000 2734
31 50000 60000 3516
31 60000 70000 454
31 70000 80000 2227
32 0 10000 58
32 10000 20000 701
32 20000 30000 2250
32 30000 40000 1374
32 40000 50000 1483
32 50000 60000 135
32 60000 70000 3866
33 0 10000 61
33 10000 20000 11
33 20000 30000 94
33 30000 40000 3502
33 40000 50000 294
33 50000 60000 608
33 60000 70000 93
33 70000 80000 191
33 80000 90000 73
33 90000 100000 93
33 100000 110000 1169
33 110000 120000 5841
33 120000 130000 1204
33 130000 140000 308
33 140000 150000 853
33 150000 160000 218
33 160000 170000 768
33 170000 180000 1006
33 180000 190000 3
33 190000 200000 1567
33 200000 210000 261
33 210000 220000 249
34 0 10000 332
34 10000 20000 1325
35 0 10000 11
35 10000 20000 57
35 20000 30000 30
35 30000 40000 58
36 0 10000 1729
36 10000 20000 12
36 20000 30000 235
36 30000 40000 135
36 40000 50000 130
36 50000 60000 2
36 60000 70000 143
36 70000 80000 177
36 80000 90000 375
36 90000 100000 443
36 100000 110000 470