11 0 10000 1.949564102
11 10000 20000 2.674029139
11 20000 30000 2.99048111
11 30000 40000 1.764632289
11 40000 50000 0.974983486
11 50000 60000 0.921577469
11 60000 70000 1.865950047
11 70000 80000 0.389830508
11 80000 90000 2.188433818
11 90000 100000 1.372553227
11 100000 110000 1.791560992

12 0 10000 -0.901203293
12 10000 20000 -0.288624825
12 20000 30000 -0.551100409
12 30000 40000 -0.425576191
12 40000 50000 -0.272969374
12 50000 60000 0.598348212
12 60000 70000 0.59368579
12 70000 80000 -0.122570453
12 80000 90000 0.329089992
12 90000 100000 -0.010540349
12 100000 110000 -0.033168255
12 110000 120000 -0.379642948
12 120000 130000 -0.009792358

13 0 10000 -0.732083255
13 10000 20000 0.02963876
13 20000 30000 -0.188248906
13 30000 40000 0.742393283
13 40000 50000 -0.633163262
13 50000 60000 0.013730637
13 60000 70000 -0.244380507
13 70000 80000 1.102151324
13 80000 90000 0.541235635
13 90000 100000 0.051833592
13 100000 110000 -0.238266961
13 110000 120000 0.166448476
13 120000 130000 0.110590737
13 130000 140000 -0.124013807

14 0 10000 0.360702018
14 10000 20000 0.799906224
14 20000 30000 0.861386882
14 30000 40000 0.735048635
14 40000 50000 0.662923572
14 50000 60000 0.757810148
14 60000 70000 0.449861449
14 70000 80000 2.636251403
14 80000 90000 -0.509677419

15 0 10000 0.410809563
15 10000 20000 0.808141862
15 20000 30000 0.212952159
15 30000 40000 -0.028747433
15 40000 50000 0.915017617
15 50000 60000 1.11326265

16 0 10000 0.580007003
16 10000 20000 -0.18415489
16 20000 30000 0.218859674
16 30000 40000 0.244532395
16 40000 50000 -0.150741367
16 50000 60000 -0.133302914
17 0 10000 0.6865856
17 10000 20000 0.730116338
17 20000 30000 0.098082853
17 30000 40000 1.512753786
17 40000 50000 1.788964314
17 50000 60000 0.927708071
17 60000 70000 1.564564117
17 70000 80000 2.922788659
17 80000 90000 1.559496243
17 90000 100000 0.782613035
17 100000 110000 2.434010954
18 0 10000 0.642692871
18 10000 20000 1.836765632
18 20000 30000 1.385093168
18 30000 40000 2.698143782
19 0 10000 0.075838928
19 10000 20000 0.821551464
19 20000 30000 1.236332425
19 30000 40000 1.40676133
19 40000 50000 0.628506605
19 50000 60000 -0.131908351
19 60000 70000 0.616021658
19 70000 80000 -0.522921109
20 0 10000 0.100889983
20 10000 20000 -0.019991757
20 20000 30000 0.077926021
21 0 10000 0.369826435
21 10000 20000 2.368336026
21 20000 30000 0.772151899
21 30000 40000 1.685579196
21 40000 50000 1.106032907
22 0 10000 2.164274322
22 10000 20000 2.69987265
22 20000 30000 3.088597312
22 30000 40000 0.759672128
22 40000 50000 4.392455859
22 50000 60000 2.265759591
22 60000 70000 3.465286822
22 70000 80000 1.578434221
22 80000 90000 2.032330472
22 90000 100000 2.369555303
22 100000 110000 2.560533037
22 110000 120000 1.50924221
22 120000 130000 3.185727982
22 130000 140000 2.588158425
22 140000 150000 3.263418386
22 150000 160000 3.424897119
23 0 10000 0.979787363
23 10000 20000 0.919798161
23 20000 30000 1.261100985
23 30000 40000 1.879074556
23 40000 50000 0.724232525
23 50000 60000 0.726050731
23 60000 70000 1.099249068
23 70000 80000 1.927660013
23 80000 90000 1.966943512
23 90000 100000 1.92764542
23 100000 110000 2.168771875
24 0 10000 -0.479147847
24 10000 20000 -0.448875923
24 20000 30000 0.03512619
24 30000 40000 0.726673188
24 40000 50000 -0.698870882
25 0 10000 1.636105952
25 10000 20000 1.278507477
25 20000 30000 1.264123805
25 30000 40000 0.550570824
25 40000 50000 0.568727381
25 50000 60000 0.929584866
25 60000 70000 2.310722297
25 70000 80000 0.427475909
26 0 10000 0.315977203
26 10000 20000 0.810840881
26 20000 30000 0.208888889
26 30000 40000 -0.026004906
26 40000 50000 0.110020576
26 50000 60000 0.57377162
26 60000 70000 0.766893986
26 70000 80000 1.713268052
26 80000 90000 0.499148874
26 90000 100000 -0.172834697
27 0 10000 -0.836566092
27 10000 20000 -0.78524422
27 20000 30000 -0.068354801
27 30000 40000 -0.707081206
27 40000 50000 -0.699907379
27 50000 60000 -0.313288653
27 60000 70000 -0.775496093
27 70000 80000 -0.742820933
27 80000 90000 -0.658123596
27 90000 100000 -0.558480008
27 100000 110000 -0.673867195
27 110000 120000 -0.692365497
27 120000 130000 -0.773121686
27 130000 140000 -0.756160495
27 140000 150000 -0.205087122
27 150000 160000 -0.835774545
27 160000 170000 -0.555501288
27 170000 180000 -0.681841471
27 180000 190000 -0.859331544
27 190000 200000 -0.297985165
27 200000 210000 -0.162255466
27 210000 220000 -0.826482086
27 220000 230000 -0.693033532
27 230000 240000 -0.788579605
27 240000 250000 -0.687673886
27 250000 260000 -0.787996571
27 260000 270000 0.098833384
27 270000 280000 -0.894552842
27 280000 290000 -0.706462127
27 290000 300000 -0.75348764
27 300000 310000 -0.230769231
27 310000 320000 -0.524999227
27 320000 330000 -0.5810386
27 330000 340000 -0.3328004
27 340000 350000 -0.70335433
27 350000 360000 -0.667283021
27 360000 370000 -0.229894161
27 370000 380000 -0.526850625
27 380000 390000 -0.700075807
27 390000 400000 -0.67772108
27 400000 410000 -0.918576343
27 410000 420000 -0.7766879
28 0 10000 -0.380026314
28 10000 20000 -0.440223127
28 20000 30000 -0.593720167
28 30000 40000 -0.312348867
28 40000 50000 -0.682303762
28 50000 60000 -0.450030727
28 60000 70000 -0.543002783
28 70000 80000 -0.554232304
29 0 10000 -0.761954479
29 10000 20000 -0.106436685
29 20000 30000 0.083693447
29 30000 40000 -0.901768912
30 0 10000 -0.059877163
30 10000 20000 -0.354780819
30 20000 30000 -0.421413035
31 0 10000 0.128065395
31 10000 20000 -0.267912442
31 20000 30000 0.077080581
31 30000 40000 -0.580684147
31 40000 50000 0.001843766
31 50000 60000 -0.087435793
31 60000 70000 -0.368530475
31 70000 80000 1.079436237
32 0 10000 -0.150778816
32 10000 20000 0.270940122
32 20000 30000 -0.195529228
32 30000 40000 0.058598343
32 40000 50000 -0.034606687
32 50000 60000 0.354322305
32 60000 70000 0.531253352
33 0 10000 0.436361383
33 10000 20000 -0.564183835
33 20000 30000 0.043441738
33 30000 40000 0.723495878
33 40000 50000 0.454400383
33 50000 60000 -0.36416647
33 60000 70000 1.410535117
33 70000 80000 -0.583631031
33 80000 90000 -0.04499204
33 90000 100000 -0.483958561
33 100000 110000 0.528564876
33 110000 120000 0.222140974
33 120000 130000 2.124524571
33 130000 140000 -0.420225295
33 140000 150000 0.705378248
33 150000 160000 -0.237594756
33 160000 170000 0.246995746
33 170000 180000 0.037408627
33 180000 190000 -0.314893617
33 190000 200000 -0.156513621
33 200000 210000 0.123601455
33 210000 220000 0.716493723
34 0 10000 2.271937639
34 10000 20000 1.881189021
35 0 10000 -0.783701114
35 10000 20000 -0.806178556
35 20000 30000 -0.81238591
35 30000 40000 -0.698357227
36 0 10000 -0.449824822
36 10000 20000 -0.781183317
36 20000 30000 -0.574960702
36 30000 40000 -0.327745333
36 40000 50000 2.08620033
36 50000 60000 -0.73
36 60000 70000 -0.201281712
36 70000 80000 -0.499348988
36 80000 90000 0.922402396
36 90000 100000 0.711427994
36 100000 110000 -0.135963232